4=2*3
8=2*7
14=2*13
16=2*15
22=2*21
26=2*25
28=2*27
                             ch=3  ch=3              ch=5  ch=3   ch=5   ch=3                               ch=3   ch=5   ch=3   ch=5                 ch=3   ch=3
   |  1  |  2  |  3  |  4  |  5  |  6  |  7  |  8  |  9  |  10  |  11  |  12  |  13  |  14  |  15  |  16  |  17  |  18  |  19  |  20  |  21  |  22  |  23  |  24  |  25  |  26  |  27  |  28
---------------------------------------------------------------------------------------------------------------------------------------------------------------------------------------------
 1 | 1,1 | 2,1 | 3,1 | 4,1 | 5,1 | 6,1 | 7,1 | 8,1 | 9,1 | 10,1 | 11,1 | 12,1 | 13,1 | 14,1 | 15,1 | 16,1 | 17,1 | 18,1 | 19,1 | 20,1 | 21,1 | 22,1 | 23,1 | 24,1 | 25,1 | 26,1 | 27,1 | 28,1
---------------------------------------------------------------------------------------------------------------------------------------------------------------------------------------------
 2 |     |     | 4,1 |     |     |     | 8,1 |     |     |      |      |      | 14,1 |      | 16,1 |      |      |      |      |      | 22,1 |      |      |      | 26,1 |      | 28,1 |
---------------------------------------------------------------------------------------------------------------------------------------------------------------------------------------------
 3 |     |   |6,s,ch=3|    | 8,s |  |11,-2s,ch=5|  |     | 14,-s|      |      | 15,1 | 16,1|19,s,ch=3|    |      |22,-2s|      |    |24,s,ch=3|     | 26,-s|      | 27,1 | 28,1 |      |
---------------------------------------------------------------------------------------------------------------------------------------------------------------------------------------------
 4 |     |     |     |     |     |     |     |     |     |      |      |      | 16,1 |      |      |      |      |      |      |      |      |      |      |      | 28,1 |      |      |
---------------------------------------------------------------------------------------------------------------------------------------------------------------------------------------------
 5 |     |     |     |     |     |     |     |     |     |      |      | 16,1 | 17,1 |      |      |      |      |      |      |      | 26,-s|      |      | 28,-1|      |      |      |
---------------------------------------------------------------------------------------------------------------------------------------------------------------------------------------------
 6 |     |     |     |     |     |     |     |     |     | 16,-1|      |      | 19,1 |      |      |      |      |      |      |      |      |      | 28,-1|      |      |      |      |
---------------------------------------------------------------------------------------------------------------------------------------------------------------------------------------------
 7 |     |     |     |     |     |     |     |     |16,s | 17,-1|      | 19,1 |20,s,ch=5|   |      |      |      | 26,2s|      |      | 27,-1| 28,-1|      |      |      |      |      |
---------------------------------------------------------------------------------------------------------------------------------------------------------------------------------------------
 8 |     |     |     |     |     |     |     |     |     |      |      |      |      |      |      |      |      |      |      |      | 28,-1|      |      |      |      |      |      |
---------------------------------------------------------------------------------------------------------------------------------------------------------------------------------------------
 9 |     |     |     |     |     |     |     |     |     |      |      |      | 22,s |      |      |      |      |      |      | 28,-1|      |      |      |      | 4,-s |      |      |
---------------------------------------------------------------------------------------------------------------------------------------------------------------------------------------------
10 |     |     |     |     |     |     |     |     |     |      |      | 22,-1| 23,-1|      | 26,s |      |      |      | 28,1 |      | 2,-s |      |      | 4,-1 |  5,1 |      |  8,s |
---------------------------------------------------------------------------------------------------------------------------------------------------------------------------------------------
11 |     |     |     |     |     |     |     |     |     |      |      |      |      |      |      |      |      | 28,-1|      |      |      |      |      |      |      |      |      |
---------------------------------------------------------------------------------------------------------------------------------------------------------------------------------------------
12 |     |     |     |     |     |     |     |     |     |      |      |      | 24,1 |      |      |      | 28,-1|      |      |      |      |      | 4,1  |      | 6,-1 |      |      |
---------------------------------------------------------------------------------------------------------------------------------------------------------------------------------------------
13 |     |     |     |     |     |     |     |     |     |      |      |      | 25,-1| 26,-1| 27,-1| 28,-1|      | 2,-2s|      |      | 3,1  | 4,1  | 5,1  | 6,1  | 7,-1 | 8,-1 |11,2s,ch=5|
---------------------------------------------------------------------------------------------------------------------------------------------------------------------------------------------
14 |     |     |     |     |     |     |     |     |     |      |      |      | 26,-1|      | 28,-1|      |      |      |      |      | 4,1  |      |      |      | 8,-1 |      |      |


                             ch=3  ch=3              ch=5  ch=3   ch=5   ch=3                               ch=3   ch=5   ch=3   ch=5                 ch=3   ch=3
   |  1  |  2  |  3  |  4  |  5  |  6  |  7  |  8  |  9  |  10  |  11  |  12  |  13  |  14  |  15  |  16  |  17  |  18  |  19  |  20  |  21  |  22  |  23  |  24  |  25  |  26  |  27  |  28
---------------------------------------------------------------------------------------------------------------------------------------------------------------------------------------------
15 |     |     |     |     |     |     |     |     |     |      |      |      |      |      |      |      |      | 4,-2s|      |     |6,s,ch=3|     |  8,s |    |11,2s,ch=5|    |      |
---------------------------------------------------------------------------------------------------------------------------------------------------------------------------------------------
16 |     |     |     |     |     |     |     |     |     |      |      |      |      |      |      |      |      |      |      |      |      |      |      |      |      |      |      |
---------------------------------------------------------------------------------------------------------------------------------------------------------------------------------------------
17 |     |     |     |     |     |     |     |     |     |      |      |      |      |      |      |      |      |      |      |      |  8,s |      |      |      |      |      |      |
---------------------------------------------------------------------------------------------------------------------------------------------------------------------------------------------
18 |     |     |     |     |     |     |     |     |     |      |      |      |      |      |      |      |      |      |      | 8,-2 | 9,-2 |      |      |      | 14,2s|      | 16,2s|
---------------------------------------------------------------------------------------------------------------------------------------------------------------------------------------------
19 |     |     |     |     |     |     |     |     |     |      |      |      |      |      |      |      |      |      |      |      |      |      |      |      |      |      |      |
---------------------------------------------------------------------------------------------------------------------------------------------------------------------------------------------
20 |     |     |     |     |     |     |     |     |     |      |      |      |      |      |      |      |      |      |      |      | 11,-2|      |      |      |      |      |      |
---------------------------------------------------------------------------------------------------------------------------------------------------------------------------------------------
21 |     |     |     |     |     |     |     |     |     |      |      |      |      |      |      |      |      |      |      |     |12,s,ch=3|    | 14,s |      | 15,-1| 16,-1|19,-s,ch=3|
---------------------------------------------------------------------------------------------------------------------------------------------------------------------------------------------
22 |     |     |     |     |     |     |     |     |     |      |      |      |      |      |      |      |      |      |      |      |      |      |      |      | 16,-1|      |      |
---------------------------------------------------------------------------------------------------------------------------------------------------------------------------------------------
23 |     |     |     |     |     |     |     |     |     |      |      |      |      |      |      |      |      |      |      |      |      |      |      | 16,1 | 17,-1|      |      |
---------------------------------------------------------------------------------------------------------------------------------------------------------------------------------------------
24 |     |     |     |     |     |     |     |     |     |      |      |      |      |      |      |      |      |      |      |      |      |      |      |      | 19,-1|      |      |
---------------------------------------------------------------------------------------------------------------------------------------------------------------------------------------------
25 |     |     |     |     |     |     |     |     |     |      |      |      |      |      |      |      |      |      |      |      |      |      |      |    |20,s,ch=5|    |      |
---------------------------------------------------------------------------------------------------------------------------------------------------------------------------------------------
26 |     |     |     |     |     |     |     |     |     |      |      |      |      |      |      |      |      |      |      |      |      |      |      |      |      |      |      |
---------------------------------------------------------------------------------------------------------------------------------------------------------------------------------------------
27 |     |     |     |     |     |     |     |     |     |      |      |      |      |      |      |      |      |      |      |      |      |      |      |      |      |      |      |
---------------------------------------------------------------------------------------------------------------------------------------------------------------------------------------------
28 |     |     |     |     |     |     |     |     |     |      |      |      |      |      |      |      |      |      |      |      |      |      |      |      |      |      |      |
